0.234270 
0.238719 
0.243198 
0.247704 
0.252239 
0.256800 
0.261388 
0.266003 
0.270642 
0.275308 
0.279997 
0.284711 
0.289449 
0.294209 
0.298992 
0.303798 
0.308624 
0.313472 
0.318340 
0.323228 
0.328136 
0.333062 
0.338006 
0.342969 
0.347948 
0.352945 
0.357957 
0.362985 
0.368028 
0.373085 
0.378157 
0.383242 
0.388339 
0.393449 
0.398570 
0.403703 
0.408846 
0.413999 
0.419162 
0.424333 
0.429513 
0.434700 
0.439895 
0.445096 
0.450303 
0.455516 
0.460734 
0.465956 
0.471181 
0.476410 
0.481641 
0.486875 
0.492110 
0.497345 
0.502581 
0.507817 
0.513052 
0.518285 
0.523516 
0.528745 
0.533971 
0.539193 
0.544410 
0.549623 
0.554831 
0.560032 
0.565227 
0.570414 
0.575594 
0.580766 
0.585928 
0.591082 
0.596225 
0.601358 
0.606479 
0.611589 
0.616687 
0.621772 
0.626843 
0.631901 
0.636944 
0.641972 
0.646985 
0.651981 
0.656961 
0.661924 
0.666869 
0.671795 
0.676703 
0.681591 
0.686460 
0.691308 
0.696135 
0.700940 
0.705724 
0.710485 
0.715222 
0.719936 
0.724627 
0.729292 
0.733932 
0.738547 
0.743136 
0.747697 
0.752232 
0.756739 
0.761218 
0.765668 
0.770089 
0.774481 
0.778842 
0.783173 
0.787472 
0.791741 
0.795977 
0.800181 
0.804352 
0.808489 
0.812593 
0.816662 
0.820697 
0.824696 
0.828660 
0.832588 
0.836479 
0.840333 
0.844151 
0.847930 
0.851671 
0.855374 
0.859038 
0.862662 
0.866246 
0.869791 
0.873295 
0.876758 
0.880179 
0.883559 
0.886897 
0.890192 
0.893445 
0.896654 
0.899820 
0.902942 
0.906020 
0.909054 
0.912042 
0.914986 
0.917883 
0.920735 
0.923541 
0.926301 
0.929014 
0.931679 
0.934298 
0.936868 
0.939391 
0.941866 
0.944292 
0.946669 
0.948998 
0.951277 
0.953506 
0.955687 
0.957816 
0.959896 
0.961926 
0.963904 
0.965832 
0.967709 
0.969534 
0.971308 
0.973031 
0.974701 
0.976320 
0.977886 
0.979399 
0.980861 
0.982269 
0.983625 
0.984927 
0.986176 
0.987372 
0.988515 
0.989604 
0.990639 
0.991621 
0.992548 
0.993422 
0.994241 
0.995007 
0.995718 
0.996374 
0.996976 
0.997524 
0.998017 
0.998456 
0.998840 
0.999169 
0.999443 
0.999663 
0.999828 
0.999938 
0.999993 
0.999993 
0.999939 
0.999830 
0.999666 
0.999447 
0.999173 
0.998845 
0.998462 
0.998024 
0.997531 
0.996985 
0.996383 
0.995727 
0.995017 
0.994253 
0.993434 
0.992561 
0.991634 
0.990653 
0.989619 
0.988531 
0.987389 
0.986194 
0.984945 
0.983643 
0.982288 
0.980881 
0.979420 
0.977907 
0.976342 
0.974724 
0.973055 
0.971333 
0.969560 
0.967735 
0.965859 
0.963932 
0.961954 
0.959925 
0.957846 
0.955717 
0.953538 
0.951308 
0.949030 
0.946702 
0.944326 
0.941900 
0.939426 
0.936904 
0.934334 
0.931716 
0.929051 
0.926339 
0.923581 
0.920775 
0.917924 
0.915027 
0.912084 
0.909096 
0.906063 
0.902986 
0.899864 
0.896699 
0.893490 
0.890238 
0.886943 
0.883606 
0.880227 
0.876806 
0.873344 
0.869840 
0.866297 
0.862713 
0.859089 
0.855426 
0.851724 
0.847983 
0.844204 
0.840387 
0.836533 
0.832643 
0.828715 
0.824752 
0.820753 
0.816719 
0.812650 
0.808547 
0.804410 
0.800240 
0.796036 
0.791800 
0.787533 
0.783233 
0.778903 
0.774542 
0.770151 
0.770151 
0.774542 
0.778903 
0.783233 
0.787533 
0.791800 
0.796036 
0.800240 
0.804410 
0.808547 
0.812650 
0.816719 
0.820753 
0.824752 
0.828715 
0.832643 
0.836533 
0.840387 
0.844204 
0.847983 
0.851724 
0.855426 
0.859089 
0.862713 
0.866297 
0.869840 
0.873344 
0.876806 
0.880227 
0.883606 
0.886943 
0.890238 
0.893490 
0.896699 
0.899864 
0.902986 
0.906063 
0.909096 
0.912084 
0.915027 
0.917924 
0.920775 
0.923581 
0.926339 
0.929051 
0.931716 
0.934334 
0.936904 
0.939426 
0.941900 
0.944326 
0.946702 
0.949030 
0.951308 
0.953538 
0.955717 
0.957846 
0.959925 
0.961954 
0.963932 
0.965859 
0.967735 
0.969560 
0.971333 
0.973055 
0.974724 
0.976342 
0.977907 
0.979420 
0.980881 
0.982288 
0.983643 
0.984945 
0.986194 
0.987389 
0.988531 
0.989619 
0.990653 
0.991634 
0.992561 
0.993434 
0.994253 
0.995017 
0.995727 
0.996383 
0.996985 
0.997531 
0.998024 
0.998462 
0.998845 
0.999173 
0.999447 
0.999666 
0.999830 
0.999939 
0.999993 
0.999993 
0.999938 
0.999828 
0.999663 
0.999443 
0.999169 
0.998840 
0.998456 
0.998017 
0.997524 
0.996976 
0.996374 
0.995718 
0.995007 
0.994241 
0.993422 
0.992548 
0.991621 
0.990639 
0.989604 
0.988515 
0.987372 
0.986176 
0.984927 
0.983625 
0.982269 
0.980861 
0.979399 
0.977886 
0.976320 
0.974701 
0.973031 
0.971308 
0.969534 
0.967709 
0.965832 
0.963904 
0.961926 
0.959896 
0.957816 
0.955687 
0.953506 
0.951277 
0.948998 
0.946669 
0.944292 
0.941866 
0.939391 
0.936868 
0.934298 
0.931679 
0.929014 
0.926301 
0.923541 
0.920735 
0.917883 
0.914986 
0.912042 
0.909054 
0.906020 
0.902942 
0.899820 
0.896654 
0.893445 
0.890192 
0.886897 
0.883559 
0.880179 
0.876758 
0.873295 
0.869791 
0.866246 
0.862662 
0.859038 
0.855374 
0.851671 
0.847930 
0.844151 
0.840333 
0.836479 
0.832588 
0.828660 
0.824696 
0.820697 
0.816662 
0.812593 
0.808489 
0.804352 
0.800181 
0.795977 
0.791741 
0.787472 
0.783173 
0.778842 
0.774481 
0.770089 
0.765668 
0.761218 
0.756739 
0.752232 
0.747697 
0.743136 
0.738547 
0.733932 
0.729292 
0.724627 
0.719936 
0.715222 
0.710485 
0.705724 
0.700940 
0.696135 
0.691308 
0.686460 
0.681591 
0.676703 
0.671795 
0.666869 
0.661924 
0.656961 
0.651981 
0.646985 
0.641972 
0.636944 
0.631901 
0.626843 
0.621772 
0.616687 
0.611589 
0.606479 
0.601358 
0.596225 
0.591082 
0.585928 
0.580766 
0.575594 
0.570414 
0.565227 
0.560032 
0.554831 
0.549623 
0.544410 
0.539193 
0.533971 
0.528745 
0.523516 
0.518285 
0.513052 
0.507817 
0.502581 
0.497345 
0.492110 
0.486875 
0.481641 
0.476410 
0.471181 
0.465956 
0.460734 
0.455516 
0.450303 
0.445096 
0.439895 
0.434700 
0.429513 
0.424333 
0.419162 
0.413999 
0.408846 
0.403703 
0.398570 
0.393449 
0.388339 
0.383242 
0.378157 
0.373085 
0.368028 
0.362985 
0.357957 
0.352945 
0.347948 
0.342969 
0.338006 
0.333062 
0.328136 
0.323228 
0.318340 
0.313472 
0.308624 
0.303798 
0.298992 
0.294209 
0.289449 
0.284711 
0.279997 
0.275308 
0.270642 
0.266003 
0.261388 
0.256800 
0.252239 
0.247704 
0.243198 
0.238719 
0.234270 
