-46.029846 
-69.486816 
-74.357666 
-73.843170 
-74.110901 
-74.397987 
-73.847878 
-75.120079 
-75.726097 
-76.139252 
-76.722046 
-76.951454 
-76.002205 
-76.098717 
-74.926956 
-74.046120 
-72.242096 
-71.427246 
-69.540985 
-67.814056 
-67.043526 
-66.452171 
-65.992798 
-64.851997 
-66.206314 
-66.971733 
-69.718559 
-71.072823 
-70.510414 
-70.129868 
-71.518250 
-71.702225 
-69.664940 
-69.502586 
-72.122238 
-73.461243 
-73.271492 
-63.173176 
-32.831860 
-26.801378 
-25.749943 
-28.026274 
-26.931459 
-27.361599 
-36.406334 
-53.051373 
-39.983322 
-27.135185 
-25.897417 
-23.714025 
-20.277044 
-17.940826 
-17.649187 
-19.499439 
-21.550934 
-23.765471 
-26.955549 
-32.444187 
-42.722782 
-49.966614 
-59.846615 
-54.329411 
-54.638428 
-52.848476 
-44.380627 
-41.714531 
-37.017815 
-29.159021 
-24.700485 
-23.986919 
-23.756428 
-24.248772 
-27.403008 
-32.717117 
-34.129593 
-36.547523 
-43.920460 
-63.489098 
-69.381607 
-70.187805 
-71.751648 
-38.033947 
-33.417538 
-34.981709 
-36.020058 
-35.852104 
-35.447620 
-33.447132 
-32.829823 
-33.049702 
-38.461681 
-56.809536 
-63.846073 
-46.034088 
-29.775030 
-25.330297 
-23.708996 
-24.688341 
-29.215431 
-32.367264 
-31.815985 
-31.699631 
-31.681755 
-31.863745 
-32.310280 
-32.767513 
-33.102894 
-31.224037 
-27.351330 
-25.121716 
-24.116238 
-23.732220 
-23.742657 
-24.624268 
-29.283121 
-43.228508 
-48.507198 
-47.149677 
-45.083538 
-35.265423 
-33.603760 
-33.423859 
-34.330059 
-37.307571 
-45.423782 
-37.753212 
-31.855009 
-35.209679 
-38.247410 
-40.677483 
-43.099884 
-32.017101 
-27.607796 
-25.936401 
-26.607880 
-29.531851 
-32.494186 
-32.104954 
-32.322670 
-33.968956 
-40.008400 
-42.535110 
-33.389194 
-28.815891 
-31.064234 
-36.034607 
-42.393753 
-45.959869 
-68.588623 
-71.731865 
-74.932777 
-75.067261 
-45.759563 
-36.053719 
-33.197411 
-30.740442 
-29.579853 
-28.058691 
-25.228540 
-24.371284 
-25.062305 
-25.957203 
-26.592716 
-27.388458 
-27.464363 
-28.150223 
-29.287872 
-30.315136 
-31.133539 
-32.147964 
-34.033722 
-36.007267 
-35.283478 
-35.265732 
-35.430618 
-35.688171 
-36.089046 
-36.930622 
-38.825623 
-40.343060 
-43.971382 
-47.539139 
-41.311569 
-40.680107 
-41.282959 
-40.774616 
-41.305397 
-44.224110 
-47.820778 
-57.355724 
-64.247147 
-69.056847 
-72.505325 
-75.193550 
-76.246185 
-76.509216 
-77.961136 
-75.636612 
