0.997326 
0.878415 
0.630284 
0.674342 
0.698942 
0.637476 
0.665492 
0.637651 
0.569992 
0.551739 
0.507259 
0.452706 
0.504552 
0.461302 
0.578313 
0.671709 
0.722439 
0.748406 
0.769358 
0.812869 
0.802498 
0.797935 
0.811347 
0.829144 
0.813749 
0.797450 
0.814051 
0.798872 
0.816596 
0.831425 
0.767391 
0.522496 
0.673515 
0.504208 
0.656069 
0.729844 
0.744096 
0.570060 
0.898301 
0.929676 
0.917295 
0.908557 
0.929548 
0.947237 
0.949384 
0.992283 
0.482488 
-0.195446 
-0.104157 
0.936499 
0.964348 
0.968604 
0.964205 
0.955897 
0.955365 
0.945331 
0.923777 
0.938664 
0.988447 
0.978671 
0.891831 
0.897569 
0.936481 
0.980465 
0.990224 
0.990306 
0.985272 
0.981721 
0.979625 
0.972674 
0.967763 
0.965755 
0.966933 
0.988507 
0.993019 
0.992708 
0.993192 
0.939008 
0.874082 
0.878046 
0.824109 
0.410984 
0.058726 
-0.379821 
-0.509990 
-0.579267 
-0.701050 
-0.770395 
-0.724245 
-0.652550 
-0.397664 
0.523475 
0.750573 
0.814427 
0.971489 
0.973687 
0.966821 
0.967908 
0.976448 
0.996439 
0.996698 
0.996793 
0.996610 
0.996533 
0.996604 
0.996580 
0.996370 
0.989757 
0.983719 
0.982495 
0.980936 
0.982306 
0.984720 
0.984435 
0.980388 
0.807284 
-0.414975 
-0.328825 
0.560501 
0.972936 
0.992698 
0.996479 
0.996597 
0.995298 
0.986726 
0.686471 
0.566866 
0.574570 
0.723517 
0.813371 
0.849132 
0.978832 
0.953048 
0.931687 
0.938830 
0.958045 
0.995916 
0.996383 
0.996415 
0.996571 
0.989816 
0.765058 
0.041217 
-0.061014 
0.056646 
0.442188 
0.349182 
0.833288 
0.869694 
0.803012 
0.543812 
0.571082 
0.788482 
0.860206 
0.907435 
0.936372 
0.947338 
0.938978 
0.938954 
0.939591 
0.944544 
0.950822 
0.955274 
0.960956 
0.964917 
0.970196 
0.976310 
0.982180 
0.987732 
0.990819 
0.993660 
0.996351 
0.997096 
0.997219 
0.997129 
0.997213 
0.997190 
0.997206 
0.996810 
0.979570 
0.967409 
-0.496187 
-0.777309 
-0.762825 
-0.733054 
-0.755716 
-0.754204 
-0.631886 
-0.551111 
-0.240356 
0.675508 
0.856616 
0.791629 
0.527286 
0.458612 
0.430236 
0.374466 
0.491618 
