0.016586 
0.011518 
0.004193 
0.000204 
-0.003148 
0.003777 
0.003510 
0.004473 
0.003106 
-0.002008 
-0.001461 
-0.004492 
-0.003401 
-0.002218 
-0.003942 
-0.004274 
-0.002308 
-0.000077 
0.002205 
0.000858 
-0.004837 
-0.006902 
-0.010068 
-0.006678 
-0.004757 
-0.007324 
-0.012497 
-0.020936 
-0.025068 
-0.025823 
-0.019988 
-0.015064 
-0.014826 
-0.017542 
-0.022551 
-0.025761 
-0.030057 
-0.033140 
-0.030534 
-0.016187 
-0.002097 
0.012085 
0.015237 
0.013352 
0.013014 
0.013804 
0.020022 
0.030203 
0.037875 
0.036653 
0.034850 
0.025749 
0.027588 
0.028018 
0.017822 
0.012057 
-0.002912 
0.001708 
0.002636 
-0.002453 
-0.006583 
-0.014233 
-0.013557 
-0.016371 
-0.017135 
-0.019552 
-0.011609 
-0.005187 
-0.000158 
0.003846 
-0.000715 
0.010859 
0.025947 
0.038356 
0.037516 
0.026130 
0.019874 
0.020113 
0.025079 
0.026670 
0.030090 
0.026977 
0.017197 
0.005253 
0.000381 
-0.003171 
-0.004905 
-0.010968 
-0.017120 
-0.008861 
-0.007123 
-0.004473 
-0.011090 
-0.021562 
-0.019599 
-0.014722 
-0.004627 
0.001274 
-0.000066 
-0.005831 
-0.010079 
-0.015732 
-0.020434 
-0.025214 
-0.039623 
-0.048058 
-0.052129 
-0.040073 
-0.012080 
-0.008296 
-0.017565 
-0.048016 
-0.071807 
-0.068403 
-0.063522 
-0.046129 
-0.018631 
0.005354 
0.016888 
0.009221 
-0.006963 
0.006242 
0.022861 
0.037300 
0.051565 
0.053213 
0.068345 
0.069557 
0.053801 
0.038608 
0.021969 
0.025247 
0.027731 
0.037958 
0.032541 
0.021593 
0.000967 
-0.024079 
-0.030530 
-0.030997 
-0.019468 
-0.014804 
-0.011945 
-0.009892 
-0.012581 
-0.007574 
-0.010382 
-0.007958 
-0.011177 
0.018011 
0.060709 
0.063802 
0.042470 
0.001678 
0.008839 
0.026475 
0.035032 
0.039551 
0.031296 
0.032357 
0.026499 
0.022789 
0.017896 
0.005250 
-0.006781 
-0.015496 
-0.011449 
-0.001147 
0.002889 
-0.006143 
-0.018285 
-0.028782 
-0.019895 
-0.015140 
-0.008611 
-0.010087 
-0.022835 
-0.019337 
-0.022542 
-0.021673 
-0.027713 
-0.041923 
-0.053213 
-0.066549 
-0.066622 
-0.049369 
-0.025541 
-0.014600 
-0.018857 
-0.045027 
-0.081986 
-0.096630 
-0.083649 
-0.061064 
-0.023227 
-0.000701 
0.012036 
0.005060 
-0.018631 
-0.004911 
0.015986 
0.038720 
0.066219 
0.081695 
0.098480 
0.089777 
0.073626 
0.056713 
0.035289 
0.030553 
0.039139 
0.055944 
0.065057 
0.043258 
0.013722 
-0.009669 
-0.037802 
-0.030001 
-0.025305 
-0.021768 
-0.010571 
-0.025995 
-0.018079 
-0.021382 
-0.035055 
-0.025974 
-0.030397 
-0.004118 
0.023955 
0.045835 
0.067891 
0.051739 
0.022323 
0.009922 
0.007496 
0.034060 
0.053031 
0.054266 
0.058623 
0.042740 
0.031300 
0.018876 
0.000527 
-0.000263 
0.000204 
0.007275 
0.010626 
0.003418 
-0.008870 
-0.027406 
-0.039581 
-0.040538 
-0.030794 
-0.016994 
-0.017942 
-0.030139 
-0.036496 
-0.042504 
-0.042122 
-0.052692 
-0.063081 
-0.066553 
-0.065058 
-0.043688 
-0.021164 
-0.004339 
-0.016145 
-0.043109 
-0.065665 
-0.067858 
-0.054012 
-0.040106 
-0.017794 
0.007489 
0.026253 
0.021256 
0.002054 
-0.004300 
0.006370 
0.029865 
0.058485 
0.070771 
0.066861 
0.053049 
0.038827 
0.036899 
0.036521 
0.031134 
0.040676 
0.038539 
0.037160 
0.032993 
0.007717 
-0.002769 
-0.014088 
-0.022664 
-0.011856 
-0.009746 
-0.004373 
-0.002303 
-0.012363 
-0.016451 
-0.012384 
-0.015393 
-0.006970 
0.005461 
0.005709 
0.024714 
0.021946 
0.016162 
0.019418 
0.008524 
0.017308 
0.015605 
0.013606 
0.035041 
0.035383 
0.033597 
0.021255 
0.004529 
0.007070 
0.006918 
0.011273 
0.019140 
0.008116 
0.004911 
-0.005224 
-0.010757 
-0.005802 
-0.011730 
-0.013371 
-0.018284 
-0.025031 
-0.017760 
-0.024221 
-0.032435 
-0.040426 
-0.060120 
-0.061320 
-0.069504 
-0.065634 
-0.049428 
-0.042701 
-0.025980 
-0.038928 
-0.056299 
-0.071826 
-0.079886 
-0.067430 
-0.057805 
-0.032680 
-0.001560 
0.020418 
0.025954 
0.007828 
-0.004579 
0.004940 
0.032165 
0.060269 
0.086486 
0.093615 
0.088067 
0.068143 
0.050244 
0.053838 
0.051520 
0.050891 
0.056016 
0.062320 
0.063430 
0.037351 
0.008855 
-0.009318 
-0.025401 
-0.030946 
-0.022294 
-0.007913 
0.005684 
-0.010743 
-0.030745 
-0.031378 
-0.032132 
-0.010658 
0.000334 
-0.005139 
-0.000578 
-0.013395 
0.002650 
0.030196 
0.027739 
0.016222 
-0.007229 
-0.009091 
0.026180 
0.046170 
0.048370 
0.032196 
0.002075 
0.002136 
0.013210 
0.022570 
0.029303 
0.008992 
0.003596 
0.003381 
0.003531 
0.011349 
-0.004652 
-0.017229 
-0.022652 
-0.028521 
-0.013855 
-0.011965 
-0.030080 
-0.046708 
-0.072541 
-0.077952 
-0.067195 
-0.059890 
-0.051278 
-0.050490 
-0.050570 
-0.050019 
-0.051528 
-0.065296 
-0.074606 
-0.072906 
-0.077592 
-0.055104 
-0.019765 
0.010100 
0.028178 
0.001412 
-0.012036 
0.011395 
0.032066 
0.057047 
0.066403 
0.066509 
0.083089 
0.077772 
0.070488 
0.076917 
0.063729 
0.052150 
0.043339 
0.049103 
0.084345 
0.076325 
0.034808 
-0.005535 
-0.022045 
0.002206 
0.013555 
0.000361 
-0.010534 
-0.025076 
-0.025923 
-0.018170 
-0.016714 
-0.004156 
-0.011178 
-0.027396 
-0.031857 
-0.024001 
0.001013 
0.019616 
0.007984 
-0.006713 
-0.015756 
-0.006500 
0.016218 
0.025023 
0.025633 
0.019311 
0.014959 
0.015398 
0.019523 
0.020663 
0.014977 
0.012038 
0.006745 
0.015149 
0.023295 
0.020586 
0.007312 
-0.010124 
-0.016774 
-0.011138 
-0.006798 
-0.014252 
-0.023172 
-0.036615 
-0.041095 
-0.050252 
-0.060765 
-0.064529 
-0.060824 
-0.046069 
-0.038703 
-0.038704 
-0.048098 
-0.062243 
-0.075368 
-0.075736 
-0.064762 
-0.031167 
-0.003293 
0.005190 
0.000964 
-0.016162 
-0.007765 
0.010599 
0.024360 
0.040926 
0.042864 
0.055592 
0.067032 
0.061478 
0.053241 
0.043370 
0.038317 
0.045692 
0.054879 
0.064653 
0.073404 
0.054524 
0.025728 
0.010047 
0.001609 
0.017068 
0.019744 
0.011942 
0.006848 
-0.002940 
-0.007349 
-0.009141 
-0.017129 
-0.010515 
-0.006926 
-0.016055 
-0.020514 
-0.024374 
-0.012306 
-0.000403 
-0.010230 
-0.017788 
-0.022632 
-0.015393 
0.000412 
0.002559 
0.002027 
0.000583 
-0.004767 
-0.000417 
0.001196 
0.006017 
0.012673 
0.006620 
0.006003 
0.008158 
0.010515 
0.014580 
0.007112 
0.000579 
-0.000231 
-0.000804 
0.002619 
0.000725 
-0.005955 
-0.012137 
-0.021867 
-0.026830 
-0.023814 
-0.019657 
-0.014409 
-0.018651 
-0.026221 
-0.030777 
-0.033066 
-0.030747 
-0.030651 
-0.027092 
-0.017019 
-0.010801 
-0.006013 
-0.009607 
-0.010476 
-0.004066 
-0.001436 
0.004571 
0.010465 
0.013346 
0.018706 
0.018644 
0.019129 
0.022444 
0.019341 
0.017717 
0.017166 
