0.020817 
0.015829 
0.008585 
0.000000 
0.000000 
0.008415 
0.000000 
0.009277 
0.000000 
0.000000 
0.000000 
-0.009613 
0.000000 
0.000000 
0.000000 
-0.009739 
0.000000 
0.000000 
0.000000 
0.000000 
-0.010739 
-0.012892 
-0.016147 
-0.012847 
0.000000 
-0.013673 
-0.018936 
-0.027465 
-0.031688 
-0.032534 
-0.026790 
-0.021957 
-0.021811 
-0.024619 
-0.029720 
-0.033023 
-0.037411 
-0.040586 
-0.038074 
-0.023820 
0.000000 
0.019936 
0.023181 
0.021391 
0.021146 
0.022031 
0.028343 
0.038618 
0.046385 
0.045256 
0.043549 
0.034542 
0.036476 
0.037000 
0.026899 
0.021228 
0.000000 
0.000000 
0.000000 
0.000000 
0.000000 
-0.023932 
-0.023350 
-0.026257 
-0.027115 
-0.029625 
-0.021776 
0.000000 
0.000000 
0.000000 
0.000000 
0.021534 
0.036714 
0.049216 
0.048469 
0.037175 
0.031011 
0.031343 
0.036400 
0.038082 
0.041593 
0.038571 
0.028882 
0.000000 
0.000000 
0.000000 
0.000000 
-0.023052 
-0.029292 
0.000000 
0.000000 
0.000000 
-0.023611 
-0.034170 
-0.032293 
-0.027502 
0.000000 
0.000000 
0.000000 
0.000000 
-0.023281 
-0.029016 
-0.033801 
-0.038663 
-0.053153 
-0.061670 
-0.065822 
-0.053846 
-0.025932 
0.000000 
-0.031574 
-0.062103 
-0.085971 
-0.082644 
-0.077839 
-0.060522 
-0.033099 
0.000000 
0.031563 
0.000000 
0.000000 
0.000000 
0.037827 
0.052336 
0.066672 
0.068390 
0.083590 
0.084870 
0.069182 
0.054056 
0.037483 
0.040827 
0.043376 
0.053666 
0.048312 
0.037427 
0.000000 
-0.039972 
-0.046483 
-0.047009 
-0.035538 
-0.030932 
0.000000 
0.000000 
-0.028877 
0.000000 
0.000000 
0.000000 
0.000000 
0.034640 
0.077388 
0.080531 
0.059248 
0.000000 
0.000000 
0.043395 
0.051998 
0.056561 
0.048350 
0.049454 
0.043638 
0.039969 
0.035116 
0.000000 
0.000000 
-0.032762 
0.000000 
0.000000 
0.000000 
0.000000 
-0.035725 
-0.046254 
-0.037398 
-0.032673 
0.000000 
0.000000 
-0.040452 
-0.036980 
-0.040211 
-0.039366 
-0.045429 
-0.059662 
-0.070974 
-0.084329 
-0.084422 
-0.067188 
-0.043378 
-0.032453 
-0.036726 
-0.062911 
-0.099884 
-0.114541 
-0.101572 
-0.078997 
-0.041170 
0.000000 
0.000000 
0.000000 
-0.036603 
0.000000 
0.034040 
0.056777 
0.084278 
0.099755 
0.116539 
0.107836 
0.091683 
0.074767 
0.053339 
0.048598 
0.057178 
0.073976 
0.083081 
0.061274 
0.031727 
0.000000 
-0.055712 
-0.047899 
-0.043189 
-0.039637 
0.000000 
-0.043832 
-0.035898 
-0.039183 
-0.052836 
-0.043735 
-0.048136 
0.000000 
0.041719 
0.063575 
0.085605 
0.069427 
0.039984 
0.000000 
0.000000 
0.051634 
0.070573 
0.071776 
0.076100 
0.060183 
0.048708 
0.036249 
0.000000 
0.000000 
0.000000 
0.000000 
0.000000 
0.000000 
0.000000 
-0.044392 
-0.056523 
-0.057436 
-0.047646 
-0.033800 
-0.034701 
-0.046850 
-0.053158 
-0.059116 
-0.058684 
-0.069203 
-0.079540 
-0.082958 
-0.081411 
-0.059986 
-0.037406 
0.000000 
-0.032275 
-0.059181 
-0.081678 
-0.083812 
-0.069906 
-0.055939 
-0.033565 
0.000000 
0.041963 
0.036901 
0.000000 
0.000000 
0.000000 
0.045248 
0.073800 
0.086017 
0.082038 
0.068157 
0.053864 
0.051865 
0.051416 
0.045957 
0.055426 
0.053216 
0.051763 
0.047521 
0.000000 
0.000000 
-0.028330 
-0.036829 
-0.025944 
0.000000 
0.000000 
0.000000 
-0.026216 
-0.030383 
-0.026395 
-0.029481 
0.000000 
0.000000 
0.000000 
0.039167 
0.036474 
0.030764 
0.034095 
0.000000 
0.032131 
0.030500 
0.028573 
0.050078 
0.050491 
0.048774 
0.036501 
0.000000 
0.000000 
0.000000 
0.000000 
0.034721 
0.000000 
0.000000 
0.000000 
0.000000 
0.000000 
0.000000 
-0.029325 
-0.034297 
-0.041103 
-0.033889 
-0.040407 
-0.048677 
-0.056723 
-0.076472 
-0.077726 
-0.085963 
-0.082145 
-0.065990 
-0.059314 
-0.042642 
-0.055639 
-0.073058 
-0.088632 
-0.096739 
-0.084327 
-0.074747 
-0.049666 
0.000000 
0.037558 
0.043135 
0.000000 
0.000000 
0.000000 
0.049502 
0.077642 
0.103894 
0.111058 
0.105545 
0.085653 
0.067787 
0.071411 
0.069124 
0.068524 
0.073677 
0.080008 
0.081145 
0.055092 
0.000000 
0.000000 
-0.043140 
-0.048707 
-0.040075 
0.000000 
0.000000 
0.000000 
-0.048598 
-0.049248 
-0.050016 
0.000000 
0.000000 
0.000000 
0.000000 
0.000000 
0.000000 
0.048229 
0.045778 
0.034267 
0.000000 
0.000000 
0.044237 
0.064229 
0.066430 
0.050256 
0.000000 
0.000000 
0.000000 
0.040620 
0.047348 
0.000000 
0.000000 
0.000000 
0.000000 
0.000000 
0.000000 
-0.035140 
-0.040550 
-0.046405 
-0.031724 
0.000000 
-0.047917 
-0.064527 
-0.090342 
-0.095733 
-0.084955 
-0.077629 
-0.068994 
-0.068183 
-0.068239 
-0.067662 
-0.069145 
-0.082885 
-0.092168 
-0.090439 
-0.095094 
-0.072576 
-0.037204 
0.000000 
0.045621 
0.000000 
0.000000 
0.000000 
0.049364 
0.074307 
0.083624 
0.083689 
0.100228 
0.094869 
0.087542 
0.093928 
0.080694 
0.069070 
0.060212 
0.065929 
0.101123 
0.093054 
0.051487 
0.000000 
-0.038555 
0.000000 
0.030026 
0.000000 
0.000000 
-0.041317 
-0.042108 
-0.034298 
-0.032785 
0.000000 
0.000000 
-0.043288 
-0.047689 
-0.039771 
0.000000 
0.035324 
0.000000 
0.000000 
-0.031207 
0.000000 
0.031600 
0.040336 
0.040878 
0.034487 
0.030066 
0.030434 
0.034488 
0.035557 
0.029799 
0.026787 
0.000000 
0.029751 
0.037822 
0.035037 
0.000000 
0.000000 
-0.030939 
-0.025225 
0.000000 
-0.028183 
-0.037024 
-0.050387 
-0.054787 
-0.063864 
-0.074296 
-0.077978 
-0.074191 
-0.059354 
-0.051905 
-0.051822 
-0.061132 
-0.075193 
-0.088233 
-0.088516 
-0.077456 
-0.043775 
0.000000 
0.000000 
0.000000 
-0.028422 
0.000000 
0.022732 
0.036404 
0.052880 
0.054729 
0.067367 
0.078717 
0.073072 
0.064744 
0.054782 
0.049638 
0.056921 
0.066016 
0.075698 
0.084357 
0.065384 
0.036496 
0.020722 
0.000000 
0.027556 
0.030139 
0.022243 
0.000000 
0.000000 
0.000000 
-0.019028 
-0.026922 
-0.020213 
0.000000 
-0.025566 
-0.029930 
-0.033696 
-0.021535 
0.000000 
-0.019270 
-0.026734 
-0.031484 
-0.024151 
0.000000 
0.000000 
0.000000 
0.000000 
0.000000 
0.000000 
0.000000 
0.000000 
0.020617 
0.014470 
0.013760 
0.015822 
0.018085 
0.022057 
0.014496 
0.000000 
0.000000 
0.000000 
0.000000 
0.000000 
-0.012757 
-0.018848 
-0.028487 
-0.033359 
-0.030253 
-0.026006 
-0.020668 
-0.024821 
-0.032301 
-0.036768 
-0.038968 
-0.036561 
-0.036377 
-0.032731 
-0.022570 
-0.016265 
-0.011391 
-0.014899 
-0.015683 
-0.009188 
0.000000 
0.009543 
0.015352 
0.018150 
0.023427 
0.023282 
0.023684 
0.026917 
0.023733 
0.022029 
0.021396 
