0.002027 
0.001850 
0.001581 
0.001317 
0.001156 
0.001097 
0.001017 
0.000894 
0.000715 
0.000467 
0.000208 
-0.000054 
-0.000311 
-0.000528 
-0.000688 
-0.000757 
-0.000736 
-0.000727 
-0.000778 
-0.000907 
-0.001046 
-0.001078 
-0.000991 
-0.000814 
-0.000639 
-0.000516 
-0.000443 
-0.000395 
-0.000356 
-0.000316 
-0.000267 
-0.000204 
-0.000111 
0.000009 
0.000129 
0.000220 
0.000231 
0.000172 
0.000097 
0.000071 
0.000120 
0.000201 
0.000256 
0.000260 
0.000197 
0.000115 
0.000023 
-0.000071 
-0.000146 
-0.000201 
-0.000239 
-0.000247 
-0.000270 
-0.000334 
-0.000472 
-0.000661 
-0.000826 
-0.000902 
-0.000883 
-0.000796 
-0.000726 
-0.000704 
-0.000711 
-0.000711 
-0.000661 
-0.000556 
-0.000407 
-0.000209 
0.000033 
0.000284 
0.000515 
0.000676 
0.000775 
0.000849 
0.000943 
0.001123 
0.001351 
0.001569 
0.001677 
0.001625 
0.001475 
0.001302 
0.001173 
0.001089 
0.001015 
0.000923 
0.000792 
0.000606 
0.000388 
0.000139 
-0.000107 
-0.000312 
-0.000456 
-0.000536 
-0.000572 
-0.000603 
-0.000672 
-0.000785 
-0.000902 
-0.000959 
-0.000931 
-0.000847 
-0.000729 
-0.000630 
-0.000555 
-0.000504 
-0.000473 
-0.000438 
-0.000391 
-0.000345 
-0.000261 
-0.000149 
-0.000027 
0.000087 
0.000124 
0.000109 
0.000074 
0.000063 
0.000104 
0.000170 
0.000224 
0.000271 
0.000275 
0.000239 
0.000164 
0.000062 
-0.000021 
-0.000070 
-0.000086 
-0.000073 
-0.000090 
-0.000162 
-0.000287 
-0.000450 
-0.000589 
-0.000666 
-0.000688 
-0.000651 
-0.000602 
-0.000579 
-0.000567 
-0.000575 
-0.000573 
-0.000536 
-0.000443 
-0.000269 
-0.000060 
0.000147 
0.000326 
0.000444 
0.000526 
0.000601 
0.000706 
0.000859 
0.001039 
0.001197 
0.001298 
0.001299 
0.001221 
0.001106 
0.000995 
0.000919 
0.000864 
0.000805 
0.000724 
0.000599 
0.000424 
0.000215 
0.000015 
-0.000153 
-0.000265 
-0.000335 
-0.000388 
-0.000443 
-0.000526 
-0.000612 
-0.000690 
-0.000737 
-0.000744 
-0.000716 
-0.000658 
-0.000585 
-0.000527 
-0.000485 
-0.000466 
-0.000452 
-0.000423 
-0.000370 
-0.000299 
-0.000210 
-0.000128 
-0.000057 
-0.000008 
0.000022 
0.000045 
0.000058 
0.000072 
0.000098 
0.000148 
0.000211 
0.000254 
0.000255 
0.000199 
0.000131 
0.000066 
0.000038 
0.000032 
0.000031 
0.000009 
-0.000055 
-0.000145 
-0.000251 
-0.000349 
-0.000426 
-0.000470 
-0.000478 
-0.000460 
-0.000433 
-0.000418 
-0.000428 
-0.000437 
-0.000424 
-0.000368 
-0.000262 
-0.000116 
0.000035 
0.000171 
0.000264 
0.000327 
0.000401 
0.000496 
0.000608 
0.000731 
0.000838 
0.000916 
0.000941 
0.000914 
0.000861 
0.000790 
0.000721 
0.000669 
0.000630 
0.000585 
0.000513 
0.000390 
0.000245 
0.000098 
-0.000031 
-0.000119 
-0.000196 
-0.000251 
-0.000306 
-0.000365 
-0.000418 
-0.000478 
-0.000529 
-0.000562 
-0.000573 
-0.000544 
-0.000499 
-0.000446 
-0.000415 
-0.000408 
-0.000407 
-0.000388 
-0.000352 
-0.000298 
-0.000236 
-0.000176 
-0.000107 
-0.000058 
-0.000016 
0.000005 
0.000020 
0.000034 
0.000055 
0.000098 
0.000150 
0.000201 
0.000221 
0.000197 
0.000146 
0.000091 
0.000075 
0.000079 
0.000086 
0.000077 
0.000027 
-0.000048 
-0.000126 
-0.000199 
-0.000242 
-0.000275 
-0.000300 
-0.000308 
-0.000308 
-0.000295 
-0.000290 
-0.000305 
-0.000313 
