0.853486 
0.580343 
0.195616 
0.174251 
0.202204 
0.209119 
0.193309 
0.162286 
0.154405 
0.123367 
0.154578 
0.125184 
0.123592 
0.141291 
0.174672 
0.182212 
0.302616 
0.300324 
0.112515 
0.298850 
0.245321 
0.370393 
0.320973 
0.347012 
0.311775 
0.228555 
0.180528 
0.183489 
0.253739 
0.227334 
0.375483 
0.163668 
0.252659 
0.124733 
0.220467 
0.201809 
0.313699 
0.295554 
0.530450 
0.369043 
0.479468 
0.759879 
0.846657 
0.810872 
0.513796 
0.733353 
0.245499 
0.191230 
0.202764 
0.846757 
0.912494 
0.921230 
0.918407 
0.912426 
0.916599 
0.900536 
0.797239 
0.687998 
0.648804 
0.571510 
0.272131 
0.070390 
0.162031 
0.453890 
0.618953 
0.692570 
0.865538 
0.869882 
0.897548 
0.892419 
0.898792 
0.890945 
0.867320 
0.853037 
0.890240 
0.824665 
0.530343 
0.360409 
0.182075 
0.280156 
0.109643 
0.152029 
0.143015 
0.141351 
0.157677 
0.142717 
0.129646 
0.209447 
0.163853 
0.205617 
0.144355 
0.153256 
0.112076 
0.133478 
0.563593 
0.757987 
0.900679 
0.887980 
0.796022 
0.893502 
0.906533 
0.905767 
0.907549 
0.912147 
0.909798 
0.911511 
0.909219 
0.850867 
0.904959 
0.918190 
0.915121 
0.908980 
0.911829 
0.913628 
0.826496 
0.627671 
0.217038 
0.159375 
0.328796 
0.742644 
0.849736 
0.910977 
0.916822 
0.892356 
0.744141 
0.314793 
0.244516 
0.304068 
0.160453 
0.172306 
0.359625 
0.651353 
0.804228 
0.808377 
0.886253 
0.830773 
0.898912 
0.907262 
0.907544 
0.905142 
0.776643 
0.271837 
0.212461 
0.142457 
0.206112 
0.399389 
0.225921 
0.359171 
0.128484 
0.281104 
0.154692 
0.159755 
0.218353 
0.267096 
0.482728 
0.662697 
0.841856 
0.840014 
0.860634 
0.884456 
0.870344 
0.869246 
0.872915 
0.866970 
0.882460 
0.882384 
0.877452 
0.881219 
0.879933 
0.880313 
0.875415 
0.830117 
0.882932 
0.882732 
0.890143 
0.888981 
0.884211 
0.884003 
0.901059 
0.806969 
0.743623 
0.153588 
0.232352 
0.166059 
0.158381 
0.209116 
0.194494 
0.181315 
0.159599 
0.122649 
0.290968 
0.478572 
0.333469 
0.166911 
0.136763 
0.180947 
0.188163 
0.317454 
