24.000000 
78.000000 
121.000000 
134.000000 
127.000000 
132.000000 
140.000000 
135.000000 
127.000000 
127.000000 
140.000000 
160.000000 
168.000000 
158.000000 
132.000000 
111.000000 
108.000000 
107.000000 
111.000000 
102.000000 
105.000000 
113.000000 
113.000000 
105.000000 
106.000000 
112.000000 
98.000000 
92.000000 
101.000000 
93.000000 
107.000000 
121.000000 
104.000000 
105.000000 
118.000000 
114.000000 
102.000000 
102.000000 
86.000000 
58.000000 
71.000000 
80.000000 
70.000000 
63.000000 
35.000000 
27.000000 
71.000000 
238.000000 
259.000000 
92.000000 
39.000000 
42.000000 
49.000000 
54.000000 
48.000000 
55.000000 
74.000000 
46.000000 
14.000000 
21.000000 
42.000000 
68.000000 
49.000000 
24.000000 
24.000000 
20.000000 
27.000000 
31.000000 
31.000000 
37.000000 
47.000000 
49.000000 
37.000000 
20.000000 
14.000000 
13.000000 
33.000000 
52.000000 
58.000000 
80.000000 
93.000000 
155.000000 
295.000000 
391.000000 
404.000000 
424.000000 
454.000000 
463.000000 
469.000000 
419.000000 
249.000000 
127.000000 
121.000000 
133.000000 
91.000000 
36.000000 
41.000000 
42.000000 
28.000000 
14.000000 
14.000000 
14.000000 
14.000000 
14.000000 
14.000000 
15.000000 
15.000000 
22.000000 
30.000000 
29.000000 
30.000000 
31.000000 
32.000000 
32.000000 
51.000000 
188.000000 
357.000000 
362.000000 
230.000000 
83.000000 
19.000000 
15.000000 
14.000000 
15.000000 
30.000000 
64.000000 
154.000000 
190.000000 
140.000000 
118.000000 
90.000000 
52.000000 
36.000000 
47.000000 
46.000000 
26.000000 
15.000000 
15.000000 
15.000000 
14.000000 
32.000000 
84.000000 
211.000000 
311.000000 
263.000000 
212.000000 
169.000000 
105.000000 
64.000000 
65.000000 
112.000000 
140.000000 
126.000000 
101.000000 
85.000000 
68.000000 
64.000000 
56.000000 
47.000000 
47.000000 
44.000000 
43.000000 
42.000000 
43.000000 
43.000000 
39.000000 
37.000000 
29.000000 
18.000000 
13.000000 
12.000000 
12.000000 
13.000000 
13.000000 
12.000000 
11.000000 
12.000000 
13.000000 
14.000000 
16.000000 
74.000000 
296.000000 
471.000000 
471.000000 
466.000000 
472.000000 
462.000000 
432.000000 
402.000000 
292.000000 
136.000000 
73.000000 
92.000000 
148.000000 
168.000000 
168.000000 
172.000000 
165.000000 
